32 
32 
32 
32 


























65 79 
65 79 
65 79 263 
65 79 263 
65 77 79 263 
65 77 79 263 
65 77 79 263 
65 77 79 263 
77 79 263 














80 
80 
77 80 
77 80 262 
77 80 262 
68 77 80 262 
68 77 80 262 
68 77 80 262 
68 77 80 262 
68 77 262 
68 262 
68 262 
68 262 
68 262 
68 







78 
78 
78 
78 79 262 
78 79 262 
78 79 262 
78 79 262 
78 79 262 
78 79 262 
79 262 
262 
262 
262 
262 
















80 
80 
80 
80 263 
80 263 
80 263 
80 263 
80 263 
263 
263 
79 263 
79 263 
79 263 
79 263 
79 263 
263 
263 



65 
65 
65 79 
65 77 
65 77 
65 77 
65 77 
65 77 
65 77 
65 79 262 
79 262 
79 262 
79 262 
262 




263 
79 263 
79 263 
79 263 
79 263 
263 
263 
263 
263 
79 263 
79 263 
79 263 
79 263 
79 263 
79 263 
79 263 
79 263 
79 263 
79 263 
263 
263 
263 
263 
263 
263 








68 
68 
68 79 
68 79 
68 78 79 
68 78 79 
68 78 79 
68 78 79 
68 78 79 
78 79 
78 79 
79 
263 
263 
263 
263 
79 
79 
79 
79 
68 78 
68 78 
68 78 
68 78 
68 78 
68 78 
68 79 
79 
79 
79 
79 
263 
263 
263 
263 
263 
79 263 
79 
79 
79 




262 
262 
79 262 
79 262 
79 262 
79 262 
79 262 
79 262 
79 262 
77 79 262 
65 77 262 
65 77 262 
65 77 262 
65 77 262 
65 77 
65 77 
65 77 
65 77 79 
65 79 




65 77 
65 77 
65 77 
65 77 
65 77 
65 77 
65 
65 


79 
65 79 
65 79 
65 79 
65 79 
65 77 262 
65 77 262 
65 77 262 
65 77 262 
65 77 262 
65 77 262 
65 77 262 
65 262 
262 
262 
262 
262 
262 
262 













79 
79 
78 79 
78 79 
78 79 
78 79 
78 79 
68 78 79 
68 78 
68 78 
68 78 
78 









263 
263 
263 
263 
263 
263 
263 
68 
68 
68 
68 
68 









65 
65 
65 
65 
65 
65 79 
65 79 
65 79 
65 79 
65 79 
