0.135836
0.12896
0.122094
0.115431
0.108964
0.104774
0.108544
0.104633
0.0985545
0.092651
0.0869305
0.0814208
0.0778478
0.0726259
0.0675746
0.0720397
0.0698917
0.0649463
0.0601528
0.0555058
0.0510268
0.0481155
0.0495838
0.0454274
0.0412771
0.0372594
0.0333704
0.029611
0.0271767
0.0236334
0.0205514
0.0596846
0.0626966
0.0616675
0.0574894
0.0563655
0.053408
0.049018
0.0447975
0.0412656
0.0495054
0.0480904
0.046483
0.0424387
0.0397748
0.0371388
0.0333133
0.0295692
0.0259443
0.022811
0.0194267
0.0176516
0.0144544
0.0113684
0.00932839
0.00912731
0.0268537
0.0278261
0.0245251
0.037611
0.0395149
0.0359716
0.0322485
0.0285753
0.0259089
0.0224685
0.0200824
0.0169078
0.0173272
0.0343116
0.0876505
0.111288
0.128285
0.137942
0.151727
0.160175
0.175569
0.18076
0.187647
0.197057
0.203078
0.213034
0.221119
0.224494
0.23015
0.236448
0.241869
0.245119
0.250272
0.250565
0.251982
0.253105
0.253385
0.251386
0.251019
0.251097
0.251152
0.250479
0.248813
0.247218
0.244655
0.240058
0.233926
0.226777
0.219236
0.211155
0.204542
0.200132
0.193023
0.186529
0.180143
0.173608
0.166705
0.162135
0.155
0.148595
0.141822
0.13484
0.127882
0.121065
0.11442
0.108437
0.104464
0.0984006
0.0937439
0.0880985
0.0938289
0.0909503
0.0912089
0.0879449
0.0832827
0.0780131
0.072795
0.0677383
0.0663799
0.0767533
0.0774706
0.0793235
0.0767812
0.0717006
0.0671764
0.0650659
0.0607274
0.0561154
0.105327
0.116264
0.11369
0.10749
0.101404
0.0958925
0.0904446
0.0848165
0.081165
0.0779056
0.0733004
0.0682517
0.0633418
0.0585838
0.0539852
0.0510089
0.0466668
0.0424662
0.0384135
0.0345046
0.0313339
0.0288735
0.0324054
0.0318567
0.0337488
0.0323298
0.0454505
0.0500229
0.049877
0.0511332
0.0536819
0.057277
0.0626942
0.0713647
0.0837081
0.112504
0.115548
0.114313
0.10888
0.107209
0.103051
0.0991668
0.0947782
0.0905142
0.0862488
0.0947636
0.0922125
0.0875816
0.0835114
0.0816112
0.0847614
0.0798996
0.0751588
0.0894024
0.0885823
0.0836654
0.0782749
0.0730764
0.0680358
0.0859581
0.0837078
0.0847097
0.0813122
0.075999
0.0722748
0.169793
0.164682
0.158004
0.150582
0.144713
0.141765
0.134981
0.127863
0.12134
0.114704
0.108255
0.102016
0.107144
0.106456
0.101809
0.0958517
0.0900309
0.0843951
0.0789531
0.0736765
0.07026
0.0812537
0.0841982
0.0799323
0.0747658
0.069838
0.0694583
0.0753823
0.0951699
0.109316
0.123878
0.129888
0.138902
0.143552
0.148792
0.160909
0.165847
0.168631
0.170311
0.171758
0.173809
0.177095
0.178933
0.184678
0.189252
0.193896
0.200596
0.206265
0.215078
0.222051
0.225423
0.236043
0.238098
0.245699
0.253677
0.261186
0.269484
0.274437
0.281748
0.28628
0.28888
0.291147
0.295363
0.299314
0.301221
0.302923
0.304929
0.303244
0.300862
0.296383
0.293368
0.288019
0.28312
0.279385
0.273048
0.2691
0.262265
0.255187
0.248924
0.243179
0.238509
0.228688
0.224594
0.217935
0.213036
0.208959
0.204021
0.198988
0.192531
0.185001
0.177846
0.172459
0.164671
0.156882
0.149242
0.141675
0.136768
0.130201
0.123496
0.152729
0.213975
0.255881
0.280565
0.289379
0.30139
0.299281
0.294812
0.291453
0.284646
0.275227
0.264405
0.254135
0.243509
0.236664
0.223181
0.216722
0.206951
0.197483
0.188334
0.183705
0.178056
0.169593
0.161329
0.153336
0.145658
0.138191
0.130951
0.123943
